#timestamp(us) angle(°)
71	0
106	0
124	0
2690	352.175
7612	351.826
12558	351.379
17650	350.996
22625	350.598
27577	350.222
32687	349.815
37623	349.421
42569	349.021
47680	348.612
52608	348.215
57575	347.829
62681	347.456
67547	347.063
72488	346.676
77635	346.279
82630	345.894
87562	345.51
92682	345.068
97608	344.7
102499	344.324
107637	343.961
112621	343.588
117566	343.247
122627	342.897
127514	342.583
132709	342.243
137633	341.906
142590	341.589
147719	341.243
152558	340.943
157602	340.621
162684	340.341
167641	339.989
172604	339.697
177555	339.405
193987	339.405
197504	338.284
202501	338.015
207547	337.739
212674	337.491
217427	337.218
222557	336.986
227469	336.763
232483	336.506
237549	336.275
242534	336.019
247489	335.775
252645	335.546
257551	335.345
262608	335.117
267629	334.897
272534	334.702
277461	334.498
282700	334.276
287589	334.046
292487	333.848
297617	333.634
302516	333.449
307491	333.282
312494	333.093
317449	332.886
322568	332.662
327494	332.497
332444	332.312
337536	332.148
342501	331.994
347534	331.85
352659	331.683
357571	331.501
362522	331.329
367653	331.187
372535	331.06
377461	330.911
382552	330.748
387486	330.599
392418	330.446
397540	330.264
402469	330.095
407415	329.935
412509	329.768
417463	329.619
422441	329.447
427629	329.283
432526	329.115
437488	328.945
442537	328.758
447463	328.579
452412	328.403
457546	328.24
462438	328.059
467414	327.875
472538	327.695
477438	327.486
482388	327.292
487487	327.124
492435	326.964
497415	326.809
502499	326.613
507513	326.422
512589	326.236
517560	326.063
522447	325.867
527612	325.683
532563	325.512
537415	325.356
542627	325.159
547533	324.964
552492	324.727
557511	324.556
562469	324.366
567411	324.187
572533	324.008
577543	323.818
582506	323.603
587536	323.385
592460	323.197
597466	322.989
602602	322.795
607436	322.623
612389	322.424
617485	322.193
622435	321.975
627391	321.749
632490	321.55
637436	321.361
642411	321.175
647486	321.009
652506	320.798
657433	320.59
662643	320.41
667508	320.24
672614	320.065
677547	319.898
682510	319.73
687633	319.563
692555	319.376
697502	319.209
702534	319.051
707462	318.868
712411	318.682
717542	318.509
722468	318.327
727418	318.148
732542	317.945
737436	317.761
742414	317.592
747539	317.425
752546	317.235
757459	317.066
762491	316.896
767439	316.711
772488	316.521
777565	316.347
782510	316.154
787439	315.977
792572	315.781
797500	315.593
802566	315.413
807463	315.216
812426	315.019
817511	314.831
822478	314.672
827476	314.493
832538	314.3
837462	314.1
842418	313.924
847539	313.725
852464	313.54
857510	313.339
862605	313.183
867511	312.991
872499	312.814
877568	312.656
882515	312.512
887499	312.352
892559	312.211
897464	312.099
902368	311.986
907488	311.873
912436	311.75
917368	311.604
922490	311.483
927438	311.391
932364	311.287
937489	311.199
942501	311.104
947440	310.976
952566	310.849
957510	310.739
962368	310.64
967465	310.55
972414	310.45
977364	310.328
982470	310.18
987431	310.04
992533	309.918
997462	309.803
1002413	309.694
1007541	309.578
1018078	309.578
1022532	309.193
1027942	309.072
1032419	308.953
1037540	308.813
1042441	308.692
1047414	308.585
1052563	308.477
1057507	308.355
1062488	308.229
1067565	308.078
1072512	307.937
1077430	307.818
1082553	307.69
1087492	307.53
1092441	307.362
1097495	307.2
1102440	307.061
1107363	306.925
1112488	306.792
1117478	306.613
1122443	306.452
1127542	306.298
1132486	306.147
1137429	305.983
1142537	305.795
1147494	305.623
1152405	305.449
1157532	305.289
1162513	305.094
1167358	304.86
1172461	304.682
1177519	304.499
1182394	304.315
1187527	304.136
1192466	303.964
1197600	303.765
1202487	303.554
1207471	303.343
1212606	303.164
1217514	302.969
1222383	302.8
1227548	302.63
1232465	302.437
1237496	302.2
1242536	301.932
1247436	301.733
1252494	301.519
1257537	301.328
1262512	301.142
1267419	300.946
1272550	300.721
1277493	300.49
1282385	300.3
1287494	300.097
1292438	299.884
1297431	299.676
1302498	299.451
1307516	299.223
1312491	299.006
1317559	298.791
1322515	298.532
1327415	298.317
1332572	298.099
1337464	297.868
1342402	297.647
1347492	297.448
1352493	297.221
1357365	297.009
1362521	296.809
1367488	296.58
1372440	296.363
1377530	296.177
1382424	295.981
1387365	295.759
1392465	295.549
1397414	295.323
1402373	295.113
1407465	294.919
1412506	294.74
1417347	294.571
1422477	294.367
1427460	294.162
1432341	293.967
1437464	293.765
1442412	293.552
1447337	293.344
1452664	293.153
1457412	292.93
1462343	292.723
1467461	292.55
1472426	292.307
1477335	292.119
1482438	291.937
1487385	291.768
1492488	291.568
1497452	291.369
1502500	291.171
1507487	290.996
1512520	290.791
1517413	290.59
1522486	290.401
1527453	290.208
1532367	290.007
1537493	289.796
1542498	289.604
1547362	289.396
1552540	289.152
1557511	288.962
1562386	288.754
1567539	288.548
1572486	288.344
1577432	288.157
1582550	287.951
1587478	287.76
1592448	287.579
1597555	287.398
1602482	287.203
1607436	287.027
1612534	286.864
1617498	286.694
1622446	286.506
1627671	286.304
1632414	286.151
1637455	285.992
1642541	285.811
1647492	285.644
1652428	285.493
1657460	285.349
1662413	285.175
1667448	285.006
1672551	284.837
1677494	284.688
1682433	284.533
1687546	284.366
1692490	284.198
1697414	284.041
1702474	283.862
1707420	283.686
1712365	283.52
1717565	283.364
1722481	283.219
1727416	283.042
1732570	282.873
1737473	282.712
1742370	282.563
1747494	282.393
1752432	282.208
1757367	282.036
1762583	281.886
1767416	281.739
1772364	281.566
1777489	281.402
1782424	281.218
1787364	281.081
1792489	280.932
1797438	280.776
1802364	280.649
1807488	280.533
1812425	280.428
1817362	280.317
1822463	280.179
1827483	280.042
1832367	279.902
1837573	279.768
1842494	279.646
1847452	279.505
1852546	279.35
1857415	279.241
1862369	279.13
1867523	279.023
1872438	278.901
1877432	278.742
1882517	278.598
1887482	278.454
1892444	278.315
1897534	278.181
1902491	278.027
1907438	277.895
1912537	277.773
1917492	277.651
1922436	277.525
1927549	277.353
1932486	277.166
1937413	277.023
1942544	276.889
1947458	276.75
1952428	276.583
1957499	276.435
1962397	276.292
1967410	276.159
1972541	276.007
1977469	275.821
1982417	275.654
1987514	275.499
1992420	275.366
1997343	275.213
2002467	275.061
2007411	274.879
2012335	274.725
2017465	274.577
2022432	274.409
2027441	274.244
2032438	274.085
2037411	273.946
2042336	273.79
2047437	273.632
2052472	273.487
2057397	273.336
2062498	273.181
2067471	272.999
2072399	272.844
2077443	272.707
2082396	272.585
2087337	272.404
2092468	272.236
2097417	272.092
2102321	271.956
2107440	271.821
2112414	271.657
2117314	271.489
2122440	271.335
2127413	271.199
2132335	271.07
2137438	270.905
2142412	270.727
2147312	270.561
2152439	270.406
2157387	270.241
2162324	270.035
2167442	269.864
2172415	269.704
2177314	269.55
2182447	269.386
2187481	269.243
2192389	269.083
2197436	268.942
2202453	268.78
2207317	268.63
2212440	268.491
2217364	268.361
2222313	268.231
2227460	268.084
2232374	267.934
2237341	267.783
2242425	267.656
2247374	267.53
2252323	267.377
2257426	267.23
2262380	267.114
2267317	266.99
2272416	266.87
2277365	266.718
2282524	266.545
2287609	266.396
2292521	266.247
2297845	266.113
2303568	265.961
2307487	265.797
2312414	265.646
2317517	265.472
2322571	265.325
2327917	265.146
2332541	264.973
2337462	264.796
2342590	264.66
2347492	264.514
2352483	264.361
2358188	264.207
2362593	264.038
2367503	263.885
2372601	263.697
2377529	263.533
2382339	263.387
2389994	263.233
2392467	263.087
2397370	262.934
2402505	262.8
2407467	262.656
2412369	262.503
2417490	262.299
2422420	262.125
2427407	261.975
2432466	261.843
2437436	261.694
2442397	261.521
2447473	261.345
2452415	261.167
2457365	261.002
2462494	260.812
2467440	260.6
2472370	260.452
2477436	260.31
2482372	260.14
2487310	259.969
2492432	259.786
2497415	259.617
2502372	259.439
2507487	259.282
2512414	259.127
2517431	258.989
2522556	258.834
2527466	258.648
2532439	258.482
2537497	258.308
2542409	258.095
2547355	257.918
2552487	257.766
2557413	257.624
2562397	257.478
2567413	257.287
2572377	257.117
2577290	256.945
2582502	256.784
2587417	256.597
2592368	256.434
2597496	256.263
2602397	256.113
2607373	255.924
2612505	255.729
2617426	255.5
2622367	255.33
2627417	255.144
2632340	254.971
2637293	254.801
2642415	254.646
2647340	254.451
2652289	254.249
2657414	254.038
2662346	253.848
2667440	253.638
2672415	253.457
2677336	253.283
2682467	253.09
2687441	252.88
2692384	252.68
2697444	252.503
2702380	252.249
2707382	252.064
2712494	251.89
2717444	251.707
2722395	251.495
2727493	251.282
2732518	251.101
2737461	250.916
2742491	250.728
2747436	250.537
2752412	250.374
2757507	250.18
2762435	249.982
2767314	249.781
2772412	249.578
2777359	249.393
2782311	249.219
2787499	249.04
2792440	248.847
2797322	248.638
2802482	248.444
2807451	248.276
2812370	248.106
2817507	247.926
2822421	247.755
2827299	247.585
2832416	247.404
2837338	247.216
2842285	247.069
2847413	246.906
2852429	246.765
2857376	246.58
2862489	246.407
2867423	246.237
2872369	246.087
2877475	245.921
2882424	245.761
2887509	245.618
2892434	245.483
2897358	245.346
2902421	245.167
2907363	244.997
2912311	244.824
2917420	244.686
2922436	244.547
2927388	244.381
2932489	244.252
2937435	244.106
2942384	243.961
2947505	243.792
2952415	243.626
2957301	243.488
2962557	243.363
2967363	243.243
2972367	243.096
2977487	242.956
2982422	242.816
2987434	242.683
2992573	242.547
2997420	242.377
3002351	242.176
3007501	242.043
3012412	241.926
3017310	241.811
3022460	241.665
3027424	241.512
3032293	241.361
3037413	241.214
3042433	241.085
3047372	240.932
3052499	240.772
3057417	240.62
3062372	240.491
3067492	240.368
3072403	240.224
3077335	240.041
3082482	239.873
3087412	239.72
3092332	239.577
3097454	239.417
3102315	239.282
3107438	239.141
3112361	239.008
3117391	238.859
3122542	238.691
3127431	238.533
3132384	238.363
3137491	238.208
3142439	238.032
3147437	237.872
3152574	237.722
3157500	237.561
3162405	237.391
3167493	237.21
3172412	237.041
3177367	236.884
3182492	236.733
3187410	236.562
3192372	236.419
3197560	236.275
3202412	236.138
3207360	235.972
3212515	235.786
3217490	235.611
3222425	235.452
3227521	235.301
3232412	235.094
3237379	234.926
3242485	234.757
3247411	234.592
3252360	234.396
3257501	234.206
3262443	234.031
3267348	233.873
3272483	233.699
3277464	233.535
3282338	233.37
3287435	233.21
3292464	233.011
3297310	232.816
3302448	232.653
3307464	232.501
3312560	232.283
3317515	232.121
3322429	231.967
3327562	231.818
3332438	231.644
3337360	231.464
3342489	231.303
3347409	231.176
3352388	231.051
3357455	230.903
3362365	230.744
3367373	230.576
3372563	230.423
3377484	230.269
3382459	230.104
3387540	229.915
3392475	229.761
3397436	229.621
3402492	229.456
3407426	229.3
3412429	229.141
3417494	228.988
3422469	228.829
3427401	228.662
3432491	228.515
3437411	228.363
3442434	228.216
3447463	228.046
3452403	227.883
3457429	227.725
3462448	227.539
3467403	227.369
3472377	227.2
3477451	227.053
3482438	226.91
3487342	226.756
3492464	226.56
3497313	226.387
3502288	226.215
3507448	226.065
3512318	225.893
3517242	225.721
3522364	225.562
3527322	225.406
3532241	225.223
3537445	224.992
3542298	224.799
3547329	224.646
3552440	224.473
3557397	224.304
3562532	224.13
3567481	223.962
3572442	223.771
3577490	223.577
3582416	223.396
3587362	223.238
3592485	223.066
3597486	222.899
3602345	222.738
3607490	222.576
3612466	222.342
3617372	222.144
3622573	221.973
3627489	221.831
3632365	221.678
3637573	221.508
3642481	221.34
3647421	221.17
3652497	221.011
3657468	220.825
3662346	220.654
3667486	220.501
3672411	220.367
3677368	220.214
3682444	220.05
3687446	219.868
3692391	219.667
3697503	219.497
3702387	219.331
3707432	219.177
3712506	219.025
3717319	218.868
3722314	218.675
3727448	218.494
3732384	218.299
3737373	218.11
3742444	217.921
3747382	217.751
3752367	217.591
3757422	217.412
3762443	217.21
3767312	216.986
3772477	216.809
3777372	216.618
3782293	216.447
3787473	216.29
3792365	216.138
3797320	215.969
3802424	215.77
3807371	215.579
3812313	215.417
3817416	215.255
3822359	215.083
3827351	214.925
3832401	214.765
3837369	214.611
3842347	214.381
3847486	214.193
3852426	214.017
3857380	213.857
3862479	213.686
3867365	213.53
3872313	213.371
3877478	213.2
3882383	212.987
3887311	212.786
3892416	212.607
3897326	212.429
3902237	212.225
3907337	212.058
3912290	211.888
3917241	211.665
3922351	211.455
3927297	211.241
3932248	211.075
3937346	210.893
3942368	210.714
3947276	210.538
3952416	210.367
3957362	210.174
3962398	209.974
3967409	209.766
3972432	209.586
3977293	209.393
3982430	209.211
3987374	209.029
3992277	208.837
3997411	208.587
4002378	208.385
4007497	208.197
4012426	207.996
4017346	207.811
4022515	207.624
4027423	207.44
4032298	207.229
4037411	207.043
4042365	206.876
4047334	206.701
4052455	206.505
4057394	206.318
4062362	206.134
4067419	205.935
4072328	205.727
4077373	205.545
4082449	205.355
4087433	205.166
4092326	204.984
4097367	204.793
4102292	204.628
4107310	204.436
4112435	204.263
4117402	204.091
4122332	203.934
4127444	203.754
4132372	203.569
4137315	203.385
4142442	203.217
4147376	202.993
4152318	202.827
4157347	202.672
4162306	202.526
4167249	202.337
4172347	202.15
4177295	201.983
4182300	201.835
4187414	201.68
4192384	201.513
4197220	201.352
4202423	201.199
4207383	201.057
4212288	200.88
4217420	200.709
4222317	200.518
4227293	200.393
4232415	200.262
4237287	200.124
4242259	199.984
4247382	199.833
4252361	199.691
4257376	199.543
4262401	199.385
4267442	199.26
4272508	199.135
4277442	199.017
4282398	198.887
4287505	198.718
4292460	198.569
4297247	198.409
4302361	198.22
4307430	198.051
4312366	197.886
4317508	197.73
4322419	197.579
4327371	197.412
4332485	197.222
4337431	197.049
4342387	196.879
4347484	196.711
4352456	196.523
4357314	196.361
4362438	196.204
4367353	196.052
4372312	195.853
4377476	195.668
4382434	195.465
4387306	195.31
4392429	195.13
4397351	194.971
4402300	194.814
4407349	194.675
4412259	194.515
4417219	194.344
4422332	194.168
4427311	194.007
4432225	193.851
4437415	193.682
4442336	193.524
4447223	193.366
4452316	193.209
4457289	192.967
4462364	192.78
4467315	192.614
4472301	192.457
4477211	192.276
4482315	192.116
4487262	191.956
4492182	191.799
4497400	191.604
4502316	191.406
4507496	191.22
4512474	191.087
4517439	190.939
4522527	190.778
4527368	190.587
4532321	190.426
4537446	190.264
4542385	190.089
4547311	189.917
4552428	189.766
4557400	189.631
4562371	189.476
4567492	189.322
4572436	189.171
4577356	189.011
4582450	188.842
4587296	188.668
4592243	188.514
4597506	188.366
4602295	188.225
4607307	188.055
4612441	187.861
4617300	187.702
4622274	187.554
4627389	187.388
4632290	187.22
4637213	187.078
4642349	186.937
4647286	186.796
4652311	186.605
4657408	186.427
4662365	186.253
4667283	186.102
4672412	185.938
4677336	185.771
4682283	185.595
4687408	185.46
4692333	185.316
4697249	185.139
4702314	184.973
4707307	184.803
4712218	184.669
4717319	184.523
4722325	184.372
4727242	184.221
4732382	184.067
4737350	183.913
4742239	183.725
4747387	183.549
4752312	183.392
4757268	183.229
4762414	183.079
4767391	182.928
4772237	182.789
4777399	182.644
4782381	182.484
4787335	182.281
4792481	182.106
4797372	181.954
4802299	181.821
4807435	181.663
4812355	181.49
4817287	181.311
4822442	181.143
4827401	180.977
4832338	180.795
4837426	180.632
4842383	180.451
4847506	180.338
4852443	180.13
4857248	179.949
4862417	179.757
4867335	179.582
4872324	179.4
4877422	179.24
4882394	179.082
4887273	178.935
4892346	178.739
4897329	178.568
4902216	178.387
4907342	178.219
4912360	178.005
4917221	177.846
4922413	177.686
4927347	177.535
4932212	177.346
4937409	177.154
4942285	176.975
4947215	176.812
4952338	176.632
4957257	176.466
4962287	176.315
4967499	176.175
4972357	176.027
4977280	175.839
4982390	175.668
4987371	175.48
4992289	175.341
4997392	175.19
5002364	175.041
5007288	174.893
5012393	174.752
5017346	174.619
5022284	174.46
5027398	174.304
5032271	174.146
5037287	174.005
5042389	173.864
5047362	173.708
5052259	173.57
5057388	173.433
5062294	173.291
5067243	173.137
5072372	172.933
5077322	172.788
5082250	172.657
5087378	172.529
5092299	172.369
5097219	172.209
5102297	172.071
5107307	171.936
5112242	171.799
5117299	171.635
5122254	171.469
5127192	171.313
5132292	171.182
5137309	171.055
5142229	170.898
5147385	170.706
5152307	170.54
5157233	170.389
5162376	170.229
5167313	170.062
5172236	169.903
5177294	169.742
5182281	169.592
5187256	169.415
5192363	169.241
5197294	169.068
5202219	168.898
5207344	168.707
5212287	168.533
5217243	168.366
5222364	168.205
5227312	167.982
5232262	167.84
5237288	167.626
5242283	167.458
5247187	167.264
5252303	167.105
5257314	166.961
5262265	166.818
5267365	166.638
5272296	166.456
5277241	166.276
5282359	166.121
5287289	165.968
5292252	165.798
5297398	165.623
5302321	165.487
5307259	165.347
5312460	165.169
5317380	165
5322289	164.827
5327426	164.689
5332239	164.552
5337192	164.405
5342340	164.26
5347235	164.101
5352257	163.948
5357396	163.769
5362313	163.594
5367240	163.433
5372365	163.262
5377316	163.106
5382221	162.944
5387361	162.794
5392292	162.64
5397169	162.479
5402295	162.275
5407293	162.102
5412249	161.948
5417424	161.816
5422264	161.665
5427313	161.503
5432395	161.341
5437286	161.175
5442211	161.025
5447347	160.841
5452253	160.64
5457161	160.496
5462360	160.363
5467212	160.209
5472162	160.046
5477573	159.857
5482211	159.687
5487310	159.511
5492333	159.338
5497267	159.172
5502384	159.027
5507354	158.869
5512284	158.681
5517419	158.502
5522320	158.316
5527277	158.089
5532365	157.905
5537387	157.736
5542246	157.583
5547389	157.406
5552318	157.209
5557295	157.027
5562537	156.86
5567358	156.685
5572186	156.507
5577397	156.353
5582323	156.204
5587208	156.054
5592313	155.861
5597240	155.681
5602187	155.512
5607366	155.372
5612311	155.185
5617256	155.025
5622382	154.874
5627312	154.719
5632257	154.566
5637288	154.387
5642315	154.227
5647264	154.064
5652363	153.922
5657316	153.758
5662240	153.591
5667363	153.436
5672309	153.284
5677298	153.111
5682340	152.893
5687289	152.73
5692232	152.591
5697400	152.434
5702362	152.252
5707264	152.092
5712363	151.934
5717309	151.785
5722242	151.605
5727372	151.429
5732316	151.262
5737266	151.127
5742353	150.986
5747318	150.821
5752276	150.662
5757378	150.498
5762306	150.308
5767259	150.129
5772371	149.962
5777310	149.798
5782240	149.65
5787369	149.492
5792315	149.326
5797270	149.163
5802288	148.997
5807318	148.822
5812202	148.642
5817379	148.483
5822245	148.331
5827183	148.186
5832388	148.015
5837324	147.828
5842265	147.668
5847357	147.515
5852240	147.341
5857187	147.182
5862295	147.041
5867316	146.905
5872237	146.754
5877434	146.574
5882312	146.412
5887251	146.26
5892375	146.126
5897274	145.987
5902232	145.832
5907357	145.697
5912295	145.56
5917230	145.415
5922319	145.272
5927310	145.112
5932244	144.958
5937368	144.802
5942296	144.677
5947251	144.55
5952380	144.411
5957285	144.277
5962221	144.116
5967293	143.962
5972281	143.797
5977190	143.625
5982348	143.474
5987296	143.309
5992232	143.168
5997346	143.004
6002296	142.852
6007217	142.702
6012302	142.542
6017310	142.355
6022221	142.166
6027382	141.997
6032286	141.848
6037256	141.687
6042332	141.502
6047310	141.315
6052239	141.148
6057367	140.965
6062290	140.764
6067236	140.534
6072375	140.379
6077248	140.208
6082173	140.028
6087300	139.827
6092268	139.643
6097209	139.44
6102342	139.252
6107320	139.074
6112265	138.912
6117359	138.717
6122366	138.529
6127264	138.331
6132377	138.138
6137321	137.932
6142243	137.723
6147362	137.565
6152291	137.388
6157235	137.196
6162393	137.021
6167318	136.85
6172251	136.672
6177433	136.496
6182382	136.347
6187314	136.201
6192436	136.052
6197381	135.861
6202306	135.679
6207444	135.512
6212376	135.373
6217331	135.192
6222397	135.039
6227244	134.886
6232239	134.73
6237362	134.586
6242247	134.418
6247165	134.254
6252293	134.085
6257224	133.94
6262180	133.773
6267293	133.599
6272218	133.442
6277166	133.277
6282301	133.092
6287211	132.896
6292178	132.72
6297324	132.535
6302214	132.355
6307166	132.175
6312363	132.005
6317282	131.84
6322164	131.654
6327320	131.457
6332209	131.271
6337159	131.12
6342290	130.961
6347213	130.782
6352132	130.603
6357258	130.427
6362208	130.25
6367147	130.059
6372360	129.84
6377225	129.681
6382181	129.517
6387367	129.34
6392225	129.172
6397177	128.99
6402296	128.813
6407217	128.63
6412135	128.468
6417260	128.312
6422252	128.156
6427214	127.971
6432285	127.792
6437196	127.624
6442160	127.458
6447288	127.224
6452193	127.058
6457168	126.901
6462322	126.735
6467276	126.528
6472251	126.345
6477311	126.163
6482288	125.981
6487213	125.787
6492311	125.611
6497284	125.449
6502242	125.268
6507238	125.058
6512187	124.846
6517163	124.66
6522310	124.471
6527196	124.24
6532163	124.046
6537237	123.854
6542194	123.631
6547114	123.41
6552252	123.216
6557217	123.007
6562110	122.817
6567243	122.635
6572255	122.436
6577191	122.199
6582408	121.981
6587235	121.796
6592193	121.601
6597317	121.408
6602243	121.181
6607165	121
6612287	120.783
6617257	120.578
6622189	120.401
6627307	120.23
6632247	120.053
6637189	119.869
6642318	119.691
6647257	119.508
6652235	119.318
6657369	119.161
6662234	119.021
6667117	118.873
6672222	118.696
6677167	118.526
6682088	118.315
6687300	118.145
6692181	117.967
6697295	117.825
6702297	117.683
6707164	117.545
6712288	117.36
6717221	117.175
6722193	116.999
6727350	116.849
6732242	116.69
6737215	116.517
6742375	116.373
6747185	116.219
6752133	116.066
6757261	115.876
6762217	115.657
6767163	115.491
6772287	115.347
6777192	115.191
6782164	115.031
6787291	114.871
6792188	114.715
6797163	114.558
6802237	114.379
6807260	114.207
6812216	114.041
6817302	113.894
6822318	113.741
6827273	113.591
6832288	113.413
6837329	113.265
6842164	113.1
6847315	112.927
6852264	112.783
6857167	112.648
6862331	112.513
6867270	112.341
6872195	112.183
6877309	112.041
6882207	111.906
6887163	111.766
6892261	111.593
6897335	111.433
6902173	111.276
6907316	111.126
6912165	110.993
6917113	110.832
6922321	110.679
6927165	110.527
6932113	110.391
6937213	110.24
6942163	110.086
6947117	109.945
6952209	109.803
6957176	109.674
6962108	109.527
6967215	109.37
6972162	109.224
6977112	109.077
6982217	108.937
6987161	108.78
6992111	108.605
6997211	108.466
7002163	108.321
7007111	108.173
7012209	107.999
7017179	107.843
7022084	107.686
7027210	107.54
7032145	107.371
7037159	107.2
7042269	107.06
7047239	106.917
7052093	106.767
7057184	106.575
7062155	106.368
7067090	106.201
7072193	106.046
7077165	105.865
7082239	105.695
7087185	105.526
7092135	105.374
7097254	105.19
7102188	105.002
7107116	104.808
7112237	104.656
7117172	104.492
7122187	104.327
7127236	104.157
7132160	103.986
7137110	103.797
7142220	103.564
7147176	103.385
7152107	103.228
7157210	103.055
7162175	102.885
7167115	102.719
7172213	102.546
7177247	102.323
7182191	102.119
7187287	101.938
7192233	101.791
7197159	101.618
7202265	101.429
7207216	101.236
7212089	101.053
7217213	100.8
7222175	100.594
7227083	100.422
7232214	100.256
7237164	100.075
7242163	99.879
7247213	99.686
7252162	99.482
7257088	99.284
7262322	99.102
7267219	98.947
7272160	98.765
7277225	98.583
7282183	98.387
7287103	98.194
7292286	97.945
7297141	97.768
7302093	97.613
7307292	97.449
7312169	97.252
7317162	97.067
7322261	96.887
7327235	96.704
7332160	96.511
7337261	96.343
7342212	96.186
7347154	96.022
7352240	95.82
7357188	95.627
7362148	95.44
7367260	95.267
7372236	95.047
7377161	94.88
7382241	94.722
7387217	94.554
7392158	94.35
7397267	94.145
7402214	93.97
7407062	93.798
7412246	93.632
7417207	93.479
7422177	93.315
7427288	93.138
7432252	92.93
7437061	92.744
7442237	92.585
7447209	92.388
7452149	92.213
7457268	92.059
7462243	91.898
7467391	91.732
7472318	91.528
7477257	91.335
7482334	91.171
7487329	91.026
7492248	90.861
7497236	90.695
7502164	90.52
7507186	90.346
7512294	90.157
7517234	89.971
7522113	89.796
7527283	89.614
7532162	89.442
7537086	89.273
7542225	89.089
7547139	88.92
7552092	88.764
7557214	88.546
7562135	88.396
7567089	88.253
7572211	88.085
7577155	87.912
7582082	87.749
7587245	87.58
7592250	87.424
7597144	87.246
7602239	87.076
7607242	86.942
7612163	86.804
7617259	86.611
7622239	86.463
7627159	86.463
7632240	86.429
7637166	85.944
7642088	85.78
7647186	85.633
7652161	85.489
7657086	85.349
7662186	85.167
7667165	84.998
7672094	84.831
7677250	84.664
7682136	84.517
7687089	84.364
7692188	84.207
7697168	84.044
7702095	83.884
7707273	83.691
7712236	83.519
7717171	83.363
7722295	83.222
7727163	83.052
7732087	82.889
7737189	82.731
7742163	82.575
7747160	82.395
7752292	82.166
7757213	82
7762159	81.86
7767218	81.712
7772544	81.536
7777167	81.362
7782195	81.186
7787173	81.029
7792183	80.842
7797368	80.666
7802317	80.509
7807226	80.362
7812351	80.208
7817264	80.039
7822155	79.854
7827272	79.683
7832216	79.467
7837160	79.301
7842216	79.138
7847164	78.985
7852156	78.807
7857288	78.614
7862242	78.416
7867249	78.225
7872273	78.026
7877316	77.847
7882164	77.679
7887371	77.524
7892276	77.323
7897185	77.131
7902300	76.905
7907253	76.761
7912148	76.508
7917287	76.337
7922236	76.174
7927242	76
7932288	75.802
7937241	75.609
7942215	75.43
7947282	75.247
7952223	75.062
7957178	74.884
7962273	74.722
7967167	74.548
7972157	74.348
7977282	74.14
7982236	73.919
7987163	73.719
7992369	73.542
7997165	73.372
8002090	73.209
8007259	73.005
8012163	72.812
8017102	72.633
8022195	72.464
8027214	72.264
8032165	72.113
8037215	71.956
8042216	71.806
8047253	71.622
8052341	71.435
8057309	71.241
8062162	71.043
8067288	70.867
8072244	70.706
8077155	70.549
8082183	70.404
8087279	70.238
8092213	70.058
8097224	69.863
8102269	69.682
8107065	69.503
8112339	69.332
8117320	69.172
8122202	69.017
8127268	68.846
8132319	68.653
8137200	68.435
8142329	68.264
8147257	68.093
8152228	67.912
8157325	67.746
8162265	67.576
8167203	67.393
8172263	67.194
8177267	67.025
8182144	66.868
8187337	66.7
8192267	66.499
8197212	66.328
8202194	66.146
8207118	65.963
8212148	65.736
8217251	65.565
8222187	65.416
8227202	65.242
8232259	65.05
8237122	64.855
8242146	64.683
8247330	64.517
8252257	64.356
8257127	64.206
8262249	64.053
8267192	63.907
8272135	63.715
8277241	63.533
8282116	63.363
8287132	63.22
8292253	63.067
8297207	62.895
8302044	62.788
8307249	62.788
8312266	62.788
8317187	62.788
8322294	62.788
8327288	62.788
8332107	62.788
8337233	62.788
8342165	62.788
8347120	62.788
8352247	61.118
8357086	60.932
8362118	60.736
8367465	60.524
8372165	60.385
8377110	60.227
8382246	60.054
8387162	59.864
8392096	59.681
8397222	59.487
8402157	59.302
8407107	59.132
8412242	58.973
8417157	58.801
8422132	58.615
8427189	58.425
8432146	58.238
8437040	58.04
8442215	57.822
8447092	57.655
8452107	57.495
8457242	57.299
8462179	57.111
8467115	56.931
8472211	56.76
8477171	56.564
8482094	56.401
8487206	56.239
8492167	56.086
8497018	55.897
8502176	55.71
8507174	55.527
8512262	55.36
8517193	55.135
8522115	54.964
8527188	54.801
8532123	54.686
8537075	54.686
8542188	54.31
8547166	54.121
8552146	53.957
8557242	53.784
8562143	53.614
8567133	53.464
8572185	53.316
8577110	53.151
8582066	52.969
8587263	52.791
8592188	52.593
8597136	52.424
8602260	52.239
8607185	52.083
8612136	51.931
8617231	51.782
8622146	51.594
8627113	51.412
8632198	51.239
8637114	51.105
8642128	50.963
8647237	50.802
8652168	50.645
8657137	50.488
8662250	50.338
8667162	50.13
8672118	49.96
8677243	49.79
8682172	49.648
8687125	49.481
8692207	49.316
8697092	49.152
8702045	48.99
8707160	48.811
8712160	48.63
8717111	48.461
8722213	48.311
8727103	48.166
8732022	47.995
8737169	47.836
8742067	47.648
8747014	47.493
8752122	47.31
8757144	47.152
8762046	47.006
8767238	46.872
8772114	46.73
8777109	46.557
8782190	46.4
8787140	46.248
8792128	46.107
8797171	45.941
8802149	45.784
8807114	45.637
8812166	45.499
8817164	45.34
8822096	45.167
8827182	45.002
8832089	44.835
8837042	44.697
8842185	44.559
8847134	44.415
8852040	44.277
8857186	44.13
8862140	43.986
8867220	43.818
8872166	43.64
8877114	43.477
8882254	43.334
8887108	43.197
8892049	43.033
8897167	42.877
8902096	42.695
8907037	42.546
8912236	42.354
8917141	42.169
8922131	42.012
8927178	41.878
8932088	41.745
8937039	41.579
8942162	41.417
8947085	41.24
8952052	41.086
8957135	40.913
8962115	40.727
8967112	40.568
8972163	40.399
8977156	40.246
8982116	40.075
8987166	39.893
8992062	39.715
8997083	39.543
9002171	39.366
9007061	39.213
9012099	39.064
9017111	38.913
9022061	38.723
9027064	38.544
9032192	38.352
9037135	38.177
9042084	37.996
9047185	37.839
9052061	37.648
9057038	37.496
9062120	37.297
9067062	37.119
9072037	36.951
9077114	36.8
9082090	36.629
9087069	36.469
9092113	36.323
9097132	36.176
9102039	36.02
9107111	35.831
9112035	35.656
9117044	35.502
9122156	35.368
9127112	35.183
9132238	35.03
9137140	34.876
9142058	34.722
9147239	34.567
9152178	34.395
9157131	34.23
9162223	34.077
9167088	33.942
9172088	33.787
9177232	33.632
9182140	33.476
9187111	33.333
9192237	33.177
9197095	32.988
9202038	32.794
9207242	32.656
9212163	32.521
9217103	32.354
9222249	32.189
9227091	32.037
9232035	31.89
9237233	31.745
9242157	31.566
9247111	31.401
9252209	31.251
9257161	31.129
9262069	30.999
9267231	30.838
9272094	30.686
9277117	30.493
9282162	30.346
9287166	30.18
9292054	30.017
9297239	29.846
9302073	29.691
9307037	29.528
9312161	29.357
9317061	29.189
9322042	29.017
9327185	28.835
9332071	28.637
9337043	28.463
9342120	28.295
9347096	28.123
9352013	27.928
9357173	27.702
9362144	27.519
9367045	27.313
9372114	27.133
9377060	26.967
9382035	26.811
9387116	26.618
9392046	26.423
9397048	26.234
9402162	26.055
9407135	25.875
9412111	25.711
9417188	25.552
9422211	25.405
9427090	25.227
9432125	25.034
9437045	24.835
9442040	24.648
9447115	24.487
9452037	24.334
9457036	24.176
9462094	24.011
9467038	23.823
9472117	23.619
9477184	23.427
9482123	23.273
9487085	23.12
9492092	22.956
9497095	22.81
9502116	22.656
9507164	22.447
9512110	22.229
9517111	22.039
9522142	21.887
9527084	21.748
9532105	21.584
9537161	21.422
9542051	21.239
9547095	21.065
9552159	20.861
9557127	20.661
9562090	20.476
9567165	20.313
9572046	20.148
9577042	19.974
9582165	19.741
9587098	19.549
9592223	19.344
9597142	19.156
9602050	18.991
9607240	18.815
9612147	18.63
9617080	18.447
9622115	18.261
9627084	18.071
9632011	17.882
9637185	17.713
9642063	17.562
9647037	17.386
9652173	17.189
9657154	17.01
9662011	16.791
9667185	16.586
9672063	16.409
9677107	16.247
9682156	16.096
9687195	15.916
9692163	15.729
9697194	15.549
9702118	15.388
9707038	15.218
9712198	15.056
9717145	14.906
9722099	14.76
9727287	14.622
9732208	14.448
9737175	14.279
9742263	14.083
9747241	13.951
9752153	13.802
9757271	13.656
9762167	13.526
9767090	13.388
9772144	13.251
9777113	13.084
9782101	12.921
9787179	12.784
9792099	12.674
9797177	12.561
9802216	12.414
9807196	12.25
9812112	12.083
9817215	11.953
9822287	11.829
9827138	11.678
9832164	11.512
9837125	11.354
9842009	11.213
9847163	11.087
9852064	10.936
9857071	10.775
9862098	10.614
9867039	10.458
9872094	10.311
9877125	10.145
9882110	9.981
9887163	9.819
9892115	9.653
9897097	9.494
9902193	9.333
9907139	9.174
9912098	9.016
9917122	8.857
9922111	8.684
9927113	8.546
9932110	8.408
9937036	8.273
9942041	8.126
9947089	7.962
9952052	7.811
9957013	7.672
9962082	7.535
9967070	7.341
9972036	7.192
9977092	7.066
9982044	6.944
9987042	6.82
9992086	6.649
9997040	6.479
10002035	6.329
10007066	6.19
10012034	6.054
10016945	5.887
10022077	5.728
10027006	5.571
10032212	5.432
10037065	5.279
10042037	5.072
10047112	4.903
10052062	4.747
10057104	4.608
10062213	4.456
10067117	4.307
10072094	4.152
10077167	3.996
10082099	3.829
10087068	3.647
10092147	3.481
10097117	3.338
10102041	3.2
10107087	3.037
10112038	2.885
10117037	2.709
10122089	2.57
10127043	2.406
10132043	2.227
10137078	2.082
10142033	1.953
10147010	1.829
10152209	1.683
10157152	1.52
10162047	1.363
10167098	1.204
10172044	1.059
10176941	0.899
10182074	0.734
10187128	0.574
10192196	0.408
10197123	0.255
10202112	0.081
10207212	359.902
10212128	359.733
10217157	359.573
10222223	359.396
10227198	359.232
10232110	359.064
10237341	358.9
10242109	358.702
10247184	358.519
10252207	358.328
10257169	358.149
10262043	357.954
10267170	357.788
10272135	357.603
10277119	357.445
10282159	357.258
10287021	357.091
10292078	356.931
10297224	356.781
10302109	356.611
10307039	356.461
10312110	356.325
10317103	356.193
10322037	356.053
10327198	355.875
10332138	355.712
10337060	355.557
10342164	355.444
10347081	355.299
10352010	355.158
10357138	355.021
10362091	354.88
10367195	354.742
10372096	354.611
10377126	354.464
10382165	354.315
10387113	354.168
10392096	354.027
10397137	353.898
10402193	353.741
10407059	353.591
10412140	353.444
10417184	353.294
10422055	353.122
10427216	352.904
10432061	352.75
10437040	352.611
10442089	352.46
10447052	352.275
10452037	352.114
10457230	351.962
10462063	351.823
10467188	351.657
10472230	351.481
10477122	351.314
10482115	351.177
10487137	351.046
10492195	350.885
10497088	350.694
10502119	350.524
10507036	350.374
10511935	350.216
10517068	350.053
10522099	349.898
10527082	349.75
10532196	349.608
10537116	349.438
10542053	349.274
10547184	349.112
10552132	348.955
10557069	348.775
10562172	348.618
10567075	348.463
10572130	348.309
10577105	348.112
10582044	347.967
10587107	347.762
10592093	347.591
10597122	347.418
10602158	347.225
10607117	347.067
10612094	346.91
10617161	346.762
10622051	346.56
10627085	346.381
10632112	346.21
10637115	346.052
10642113	345.874
10647155	345.71
10652109	345.548
10657111	345.367
10662069	345.184
10667108	345.004
10671988	344.825
10677099	344.681
10682007	344.534
10686950	344.378
10692061	344.232
10697017	344.069
10701943	343.92
10707038	343.741
10712035	343.571
10716940	343.411
10722160	343.271
10727111	343.118
10731980	342.917
10737125	342.762
10742062	342.604
10747161	342.426
10752087	342.221
10757082	342.045
10762141	341.898
10767013	341.76
10772035	341.59
10777068	341.418
10782037	341.237
10787119	341.07
10792139	340.88
10797116	340.693
10802013	340.517
10807136	340.344
10812109	340.178
10817019	340.011
10822151	339.818
10827081	339.649
10832131	339.471
10837040	339.306
10842062	339.146
10846955	338.999
10852038	338.836
10857039	338.651
10861912	338.474
10867039	338.293
10872111	338.115
10876914	337.933
10882010	337.75
10887093	337.607
10892159	337.447
10897083	337.26
10902096	337.093
10907064	336.938
10912036	336.794
10917041	336.63
10922062	336.474
10927109	336.333
10932034	336.197
10937132	336.055
10942125	335.87
10947024	335.715
10952060	335.562
10957083	335.433
10962066	335.273
10967063	335.126
10972117	334.989
10977008	334.844
10982056	334.709
10987107	334.576
10991946	334.418
10997120	334.268
11002112	334.112
11006988	333.97
11012145	333.825
11017038	333.67
11022023	333.533
11027131	333.387
11032117	333.239
11036983	333.024
11042048	332.865
11047108	332.723
11052118	332.604
11057098	332.468
11062009	332.298
11067117	332.148
11072085	332.004
11076970	331.871
11082061	331.729
11087063	331.561
11091944	331.406
11097126	331.253
11102091	331.125
11106997	330.983
11112036	330.819
11117051	330.662
11121927	330.471
11127121	330.325
11132098	330.159
11136981	329.998
11142049	329.834
11147013	329.685
11151925	329.53
11157052	329.36
11162018	329.196
11166941	329.033
11172237	328.861
11177124	328.67
11182024	328.503
11187160	328.341
11192149	328.184
11196931	327.966
11202090	327.796
11207115	327.624
11211990	327.46
11217085	327.281
11222026	327.138
11226968	326.997
11232105	326.859
11237047	326.687
11242126	326.497
11247111	326.329
11252005	326.179
11257142	326.032
11262059	325.869
11267018	325.709
11272139	325.517
11277111	325.366
11282031	325.189
11287167	325.014
11292085	324.846
11297021	324.707
11302127	324.566
11307116	324.416
11312018	324.266
11317144	324.1
11322043	323.941
11327032	323.735
11332160	323.552
11337113	323.365
11341937	323.2
11347169	322.974
11352084	322.799
11356979	322.624
11362057	322.435
11367011	322.214
11371936	322.009
11377035	321.837
11382036	321.661
11386935	321.479
11392043	321.296
11397129	321.121
11401996	320.932
11407040	320.731
11412113	320.539
11417008	320.389
11422134	320.197
11427125	320.041
11431964	319.884
11437039	319.73
11442112	319.583
11446917	319.427
11452037	319.3
11457090	319.172
11461998	319.049
11467100	318.92
11472095	318.761
11476974	318.615
11482083	318.479
11487082	318.339
11491992	318.199
11497083	318.012
11502012	317.88
11506911	317.747
11512035	317.613
11517035	317.465
11521972	317.285
11527100	317.125
11532089	316.972
11536964	316.831
11542103	316.665
11547074	316.492
11551936	316.352
11557062	316.209
11562015	316.065
11566935	315.885
11572037	315.712
11577035	315.516
11581909	315.374
11587037	315.216
11592084	315.046
11597015	314.876
11602117	314.713
11606942	314.549
11611907	314.361
11617006	314.173
11622014	314.003
11626998	313.837
11632118	313.649
11637112	313.479
11641995	313.305
11647107	313.126
11652021	312.884
11656920	312.705
11662050	312.556
11667000	312.388
11671966	312.216
11677094	312.07
11681997	311.926
11687103	311.785
11692116	311.622
11697012	311.477
11702108	311.346
11707117	311.219
11711912	311.085
11717114	310.936
11722066	310.773
11726988	310.631
11732035	310.465
11737046	310.318
11741919	310.152
11747043	309.984
11752006	309.831
11756935	309.702
11762024	309.569
11767038	309.42
11771989	309.284
11777048	309.139
11782041	308.997
11786928	308.858
11792042	308.708
11797092	308.584
11802005	308.427
11807123	308.298
11812105	308.162
11817000	308.016
11822008	307.888
11826952	307.757
11831929	307.625
11837016	307.487
11841937	307.332
11846923	307.2
11852038	307.082
11856961	306.956
11861920	306.831
11867091	306.662
11872019	306.495
11876997	306.347
